// Generated by CoffeeScript 1.10.0
(function() {
  var MARGIN, enter_points, height, indicators, keys, links, links_data, m, max_x, max_y, min_x, min_y, points, points_data, svg, width, x, y;

  MARGIN = 100;

  svg = d3.select('svg');

  width = svg.node().getBoundingClientRect().width;

  height = svg.node().getBoundingClientRect().height;

  keys = ["ジョーズ", "紅の豚", "サマーウォーズ", "時をかける少女", "グレイテストショーマン", "風立ちぬ", "ノーゲイム・ノーライフ", "シンゴジラ", "ゼログラビティ", "アナと雪の女王", "君の名は", "タイタニック", "ベイマックス", "ミニオンズ", "美女と野獣", "ナルニア国物語", "少林サッカー", "探偵はbarにいる", "シェイプオブウォーター", "聲の形", "言の葉の庭", "マレフィセント", "アナコンダ", "ピンポン", "時計じかけのオレンジ", "シャイニング", "図書館戦争", "英国王のスピーチ", "羊たちの沈黙", "プレデターズ", "猿の惑星", "寄生獣", "レッドクリフ", "キングスマン", "アメリカン・スナイパー", "天使にラブソングを", "アルマゲドン", "フォレストガンプ", "インターステラー", "フルメタル・ジャケット", "ジョニーは戦場へ行った", "戦慄の楽譜", "アオハライド", "ララランド", "シックスセンス", "バタフライ・エフェクト", "はじまりのうた", "パシフィックリム", "セブン", "本能寺ホテル", "インセプション", "アイ、ロボット", "マトリックス", "土竜の唄", "アントマン", "未来のミライ", "シンドラーのリスト", "エクス・マキナ", "海猿", "デスノート", "オブリビオン", "あゝ荒野", "バクマン。", "ひるね姫 ～知らないワタシの物語～", "イミテーションゲーム", "舟を編む", "ガールズ＆パンツァー 劇場版", "ストロベリーナイト", "海街diary", "トイ・ストーリー", "プラダを着た悪魔", "きっと、うまくいく", "海月姫"];

  m = [[1.0, 0.26666666666666666, 0.3125, 0.3333333333333333, 0.11538461538461539, 0.41025641025641024, 0.275, 0.30303030303030304, 0.3448275862068966, 0.288135593220339, 0.26153846153846155, 0.3939393939393939, 0.2, 0.29411764705882354, 0.4117647058823529, 0.375, 0.24489795918367346, 0.10344827586206896, 0.08695652173913043, 0.32653061224489793, 0.25925925925925924, 0.2903225806451613, 0.2222222222222222, 0.06896551724137931, 0.0, 0.16, 0.2647058823529412, 0.12, 0.07692307692307693, 0.4864864864864865, 0.37142857142857144, 0.2857142857142857, 0.25, 0.08, 0.27586206896551724, 0.14705882352941177, 0.40625, 0.041666666666666664, 0.13043478260869565, 0.17391304347826086, 0.041666666666666664, 0.2, 0.28125, 0.3333333333333333, 0.12, 0.041666666666666664, 0.043478260869565216, 0.36666666666666664, 0.043478260869565216, 0.25, 0.17391304347826086, 0.15384615384615385, 0.3055555555555556, 0.18181818181818182, 0.34375, 0.25925925925925924, 0.041666666666666664, 0.041666666666666664, 0.34210526315789475, 0.2830188679245283, 0.041666666666666664, 0.0, 0.21212121212121213, 0.12, 0.08, 0.16, 0.19230769230769232, 0.16666666666666666, 0.1724137931034483, 0.2835820895522388, 0.07692307692307693, 0.043478260869565216, 0.038461538461538464], [0.26666666666666666, 1.0, 0.6571428571428571, 0.6, 0.08928571428571429, 0.4745762711864407, 0.38333333333333336, 0.2711864406779661, 0.2033898305084746, 0.6363636363636364, 0.6521739130434783, 0.25806451612903225, 0.4603174603174603, 0.53125, 0.2903225806451613, 0.45, 0.55, 0.12280701754385964, 0.017857142857142856, 0.44776119402985076, 0.15789473684210525, 0.2413793103448276, 0.16071428571428573, 0.125, 0.0, 0.07017543859649122, 0.29310344827586204, 0.09090909090909091, 0.09090909090909091, 0.4262295081967213, 0.45454545454545453, 0.4098360655737705, 0.15517241379310345, 0.05357142857142857, 0.1694915254237288, 0.22413793103448276, 0.3508771929824561, 0.03636363636363636, 0.03571428571428571, 0.07272727272727272, 0.03636363636363636, 0.08771929824561403, 0.25862068965517243, 0.19298245614035087, 0.09090909090909091, 0.03636363636363636, 0.01818181818181818, 0.2807017543859649, 0.01818181818181818, 0.17543859649122806, 0.07272727272727272, 0.06896551724137931, 0.3620689655172414, 0.22413793103448276, 0.29310344827586204, 0.2, 0.017857142857142856, 0.03636363636363636, 0.38333333333333336, 0.5384615384615384, 0.03636363636363636, 0.0, 0.2, 0.09090909090909091, 0.05357142857142857, 0.08928571428571429, 0.08620689655172414, 0.05263157894736842, 0.13793103448275862, 0.7101449275362319, 0.05263157894736842, 0.01818181818181818, 0.05357142857142857], [0.3125, 0.6571428571428571, 1.0, 0.696969696969697, 0.09523809523809523, 0.417910447761194, 0.421875, 0.25757575757575757, 0.234375, 0.6111111111111112, 0.6486486486486487, 0.3230769230769231, 0.3888888888888889, 0.5362318840579711, 0.35384615384615387, 0.484375, 0.5303030303030303, 0.125, 0.031746031746031744, 0.4788732394366197, 0.1746031746031746, 0.23076923076923078, 0.140625, 0.109375, 0.0, 0.078125, 0.296875, 0.07936507936507936, 0.07936507936507936, 0.4393939393939394, 0.3968253968253968, 0.4461538461538462, 0.15384615384615385, 0.046875, 0.203125, 0.19696969696969696, 0.3492063492063492, 0.015625, 0.047619047619047616, 0.06349206349206349, 0.031746031746031744, 0.09375, 0.208955223880597, 0.20634920634920634, 0.07936507936507936, 0.031746031746031744, 0.015873015873015872, 0.2857142857142857, 0.015873015873015872, 0.171875, 0.06349206349206349, 0.1111111111111111, 0.359375, 0.19696969696969696, 0.296875, 0.1746031746031746, 0.031746031746031744, 0.031746031746031744, 0.421875, 0.6119402985074627, 0.031746031746031744, 0.0, 0.23076923076923078, 0.07936507936507936, 0.046875, 0.09523809523809523, 0.09230769230769231, 0.0625, 0.15625, 0.7027027027027027, 0.0625, 0.015873015873015872, 0.046875], [0.3333333333333333, 0.6, 0.696969696969697, 1.0, 0.14, 0.48214285714285715, 0.49056603773584906, 0.22413793103448276, 0.2641509433962264, 0.6, 0.5942028985507246, 0.2982456140350877, 0.375, 0.42424242424242425, 0.35714285714285715, 0.38333333333333336, 0.48333333333333334, 0.17647058823529413, 0.06, 0.47619047619047616, 0.24, 0.2830188679245283, 0.1509433962264151, 0.1568627450980392, 0.02, 0.11764705882352941, 0.2909090909090909, 0.12, 0.12, 0.509090909090909, 0.4074074074074074, 0.41379310344827586, 0.16666666666666666, 0.0784313725490196, 0.18181818181818182, 0.21818181818181817, 0.35185185185185186, 0.0392156862745098, 0.058823529411764705, 0.1, 0.06, 0.13725490196078433, 0.2777777777777778, 0.2549019607843137, 0.09803921568627451, 0.06, 0.04, 0.3018867924528302, 0.04, 0.16666666666666666, 0.0784313725490196, 0.11538461538461539, 0.36363636363636365, 0.2641509433962264, 0.2909090909090909, 0.24, 0.06, 0.06, 0.38596491228070173, 0.6, 0.06, 0.02, 0.2830188679245283, 0.12, 0.1, 0.14, 0.1346153846153846, 0.09803921568627451, 0.19230769230769232, 0.6056338028169014, 0.05660377358490566, 0.04, 0.0784313725490196], [0.11538461538461539, 0.08928571428571429, 0.09523809523809523, 0.14, 1.0, 0.21212121212121213, 0.16129032258064516, 0.07692307692307693, 0.2631578947368421, 0.08928571428571429, 0.046875, 0.19230769230769232, 0.0975609756097561, 0.0625, 0.2222222222222222, 0.1111111111111111, 0.09523809523809523, 0.21428571428571427, 0.42857142857142855, 0.08695652173913043, 0.35714285714285715, 0.19047619047619047, 0.2857142857142857, 0.45454545454545453, 0.14285714285714285, 0.16666666666666666, 0.2727272727272727, 0.3, 0.18181818181818182, 0.1111111111111111, 0.13793103448275862, 0.11428571428571428, 0.25, 0.2, 0.2222222222222222, 0.09090909090909091, 0.2, 0.1111111111111111, 0.2222222222222222, 0.2, 0.1111111111111111, 0.15384615384615385, 0.13043478260869565, 0.10526315789473684, 0.08333333333333333, 0.25, 0.2857142857142857, 0.18181818181818182, 0.125, 0.25, 0.2, 0.15384615384615385, 0.14285714285714285, 0.2631578947368421, 0.16666666666666666, 0.26666666666666666, 0.1111111111111111, 0.1111111111111111, 0.16129032258064516, 0.15217391304347827, 0.1111111111111111, 0.14285714285714285, 0.13636363636363635, 0.18181818181818182, 0.2, 0.5555555555555556, 0.23076923076923078, 0.08333333333333333, 0.35714285714285715, 0.09230769230769231, 0.08333333333333333, 0.125, 0.09090909090909091], [0.41025641025641024, 0.4745762711864407, 0.417910447761194, 0.48214285714285715, 0.21212121212121213, 1.0, 0.2916666666666667, 0.3170731707317073, 0.35135135135135137, 0.4262295081967213, 0.3880597014925373, 0.32558139534883723, 0.36538461538461536, 0.3508771929824561, 0.475, 0.40425531914893614, 0.3584905660377358, 0.22857142857142856, 0.09090909090909091, 0.4339622641509434, 0.25, 0.34210526315789475, 0.1891891891891892, 0.23529411764705882, 0.030303030303030304, 0.08108108108108109, 0.35, 0.18181818181818182, 0.11428571428571428, 0.43478260869565216, 0.475, 0.4444444444444444, 0.21052631578947367, 0.11764705882352941, 0.2972972972972973, 0.19047619047619047, 0.4, 0.058823529411764705, 0.12121212121212122, 0.15151515151515152, 0.09090909090909091, 0.17142857142857143, 0.2682926829268293, 0.34285714285714286, 0.14705882352941177, 0.09090909090909091, 0.06060606060606061, 0.3684210526315789, 0.06060606060606061, 0.2777777777777778, 0.15151515151515152, 0.17142857142857143, 0.3488372093023256, 0.28205128205128205, 0.35, 0.25, 0.058823529411764705, 0.09090909090909091, 0.4090909090909091, 0.49056603773584906, 0.09090909090909091, 0.030303030303030304, 0.24390243902439024, 0.18181818181818182, 0.11764705882352941, 0.17647058823529413, 0.16666666666666666, 0.11428571428571428, 0.2857142857142857, 0.44776119402985076, 0.08333333333333333, 0.06060606060606061, 0.08571428571428572], [0.275, 0.38333333333333336, 0.421875, 0.49056603773584906, 0.16129032258064516, 0.2916666666666667, 1.0, 0.16279069767441862, 0.2777777777777778, 0.43103448275862066, 0.36923076923076925, 0.2926829268292683, 0.2641509433962264, 0.2807017543859649, 0.27906976744186046, 0.34782608695652173, 0.3333333333333333, 0.08333333333333333, 0.10344827586206896, 0.3090909090909091, 0.28125, 0.38235294117647056, 0.21212121212121213, 0.15151515151515152, 0.034482758620689655, 0.09090909090909091, 0.35135135135135137, 0.16666666666666666, 0.12903225806451613, 0.3191489361702128, 0.41025641025641024, 0.35555555555555557, 0.2, 0.0967741935483871, 0.2222222222222222, 0.12195121951219512, 0.3333333333333333, 0.06666666666666667, 0.1, 0.0967741935483871, 0.06666666666666667, 0.15625, 0.23076923076923078, 0.22857142857142856, 0.09375, 0.06666666666666667, 0.06896551724137931, 0.2, 0.06896551724137931, 0.2, 0.13333333333333333, 0.08823529411764706, 0.35, 0.3142857142857143, 0.3157894736842105, 0.36666666666666664, 0.06666666666666667, 0.10344827586206896, 0.3488372093023256, 0.3888888888888889, 0.06666666666666667, 0.034482758620689655, 0.23684210526315788, 0.16666666666666666, 0.13333333333333333, 0.16129032258064516, 0.15151515151515152, 0.06060606060606061, 0.10810810810810811, 0.36764705882352944, 0.09375, 0.06896551724137931, 0.0967741935483871], [0.30303030303030304, 0.2711864406779661, 0.25757575757575757, 0.22413793103448276, 0.07692307692307693, 0.3170731707317073, 0.16279069767441862, 1.0, 0.35714285714285715, 0.22950819672131148, 0.3064516129032258, 0.25, 0.20408163265306123, 0.22641509433962265, 0.23684210526315788, 0.2857142857142857, 0.17647058823529413, 0.14814814814814814, 0.043478260869565216, 0.23076923076923078, 0.1, 0.18181818181818182, 0.14285714285714285, 0.15384615384615385, 0.0, 0.037037037037037035, 0.23529411764705882, 0.125, 0.038461538461538464, 0.2857142857142857, 0.2702702702702703, 0.2619047619047619, 0.1724137931034483, 0.13043478260869565, 0.2, 0.11764705882352941, 0.2222222222222222, 0.043478260869565216, 0.08695652173913043, 0.04, 0.043478260869565216, 0.07407407407407407, 0.14285714285714285, 0.20689655172413793, 0.08, 0.0, 0.045454545454545456, 0.21212121212121213, 0.0, 0.25925925925925924, 0.13043478260869565, 0.07407407407407407, 0.2777777777777778, 0.26666666666666666, 0.3548387096774194, 0.13793103448275862, 0.0, 0.043478260869565216, 0.21951219512195122, 0.24074074074074073, 0.043478260869565216, 0.0, 0.21875, 0.125, 0.04, 0.07692307692307693, 0.15384615384615385, 0.0, 0.2222222222222222, 0.25, 0.0, 0.0, 0.08333333333333333], [0.3448275862068966, 0.2033898305084746, 0.234375, 0.2641509433962264, 0.2631578947368421, 0.35135135135135137, 0.2777777777777778, 0.35714285714285715, 1.0, 0.2033898305084746, 0.203125, 0.3225806451612903, 0.1702127659574468, 0.22, 0.34375, 0.25, 0.24444444444444444, 0.125, 0.17647058823529413, 0.25, 0.2608695652173913, 0.2962962962962963, 0.21739130434782608, 0.23809523809523808, 0.058823529411764705, 0.2631578947368421, 0.3103448275862069, 0.2777777777777778, 0.15, 0.3157894736842105, 0.30303030303030304, 0.2894736842105263, 0.36363636363636365, 0.15789473684210525, 0.28, 0.13333333333333333, 0.3333333333333333, 0.1111111111111111, 0.23529411764705882, 0.15789473684210525, 0.1111111111111111, 0.19047619047619047, 0.2, 0.4090909090909091, 0.21052631578947367, 0.1111111111111111, 0.11764705882352941, 0.2857142857142857, 0.11764705882352941, 0.30434782608695654, 0.29411764705882354, 0.13636363636363635, 0.3548387096774194, 0.21428571428571427, 0.4074074074074074, 0.2608695652173913, 0.1111111111111111, 0.17647058823529413, 0.2777777777777778, 0.3125, 0.1111111111111111, 0.058823529411764705, 0.16666666666666666, 0.2777777777777778, 0.2222222222222222, 0.2, 0.18181818181818182, 0.15, 0.20833333333333334, 0.22727272727272727, 0.09523809523809523, 0.11764705882352941, 0.15789473684210525], [0.288135593220339, 0.6363636363636364, 0.6111111111111112, 0.6, 0.08928571428571429, 0.4262295081967213, 0.43103448275862066, 0.22950819672131148, 0.2033898305084746, 1.0, 0.6521739130434783, 0.2786885245901639, 0.5333333333333333, 0.6065573770491803, 0.3793103448275862, 0.4032258064516129, 0.4090909090909091, 0.12280701754385964, 0.03636363636363636, 0.515625, 0.2, 0.3090909090909091, 0.14035087719298245, 0.10526315789473684, 0.018518518518518517, 0.08928571428571429, 0.2711864406779661, 0.1111111111111111, 0.1111111111111111, 0.38095238095238093, 0.3793103448275862, 0.43333333333333335, 0.17543859649122806, 0.05357142857142857, 0.1694915254237288, 0.24561403508771928, 0.3050847457627119, 0.03636363636363636, 0.03571428571428571, 0.07272727272727272, 0.03636363636363636, 0.08771929824561403, 0.30357142857142855, 0.1724137931034483, 0.09090909090909091, 0.05555555555555555, 0.037037037037037035, 0.21666666666666667, 0.037037037037037035, 0.11666666666666667, 0.07272727272727272, 0.12727272727272726, 0.3620689655172414, 0.24561403508771928, 0.2711864406779661, 0.2, 0.05555555555555555, 0.05555555555555555, 0.38333333333333336, 0.5873015873015873, 0.03636363636363636, 0.018518518518518517, 0.2631578947368421, 0.1111111111111111, 0.07272727272727272, 0.10909090909090909, 0.14545454545454545, 0.07142857142857142, 0.17857142857142858, 0.7101449275362319, 0.07142857142857142, 0.037037037037037035, 0.07272727272727272], [0.26153846153846155, 0.6521739130434783, 0.6486486486486487, 0.5942028985507246, 0.046875, 0.3880597014925373, 0.36923076923076925, 0.3064516129032258, 0.203125, 0.6521739130434783, 1.0, 0.2537313432835821, 0.4626865671641791, 0.5522388059701493, 0.30303030303030304, 0.34782608695652173, 0.43478260869565216, 0.09375, 0.016129032258064516, 0.5606060606060606, 0.16129032258064516, 0.25806451612903225, 0.109375, 0.11290322580645161, 0.0, 0.08064516129032258, 0.265625, 0.06451612903225806, 0.06451612903225806, 0.34782608695652173, 0.3230769230769231, 0.4603174603174603, 0.1774193548387097, 0.06557377049180328, 0.11940298507462686, 0.18461538461538463, 0.22058823529411764, 0.03278688524590164, 0.03225806451612903, 0.031746031746031744, 0.016129032258064516, 0.07936507936507936, 0.29508196721311475, 0.1746031746031746, 0.06451612903225806, 0.016129032258064516, 0.01639344262295082, 0.16176470588235295, 0.01639344262295082, 0.140625, 0.06557377049180328, 0.046153846153846156, 0.26865671641791045, 0.24193548387096775, 0.2857142857142857, 0.18032786885245902, 0.03278688524590164, 0.03278688524590164, 0.2714285714285714, 0.49295774647887325, 0.03278688524590164, 0.0, 0.25806451612903225, 0.08196721311475409, 0.04838709677419355, 0.08064516129032258, 0.09523809523809523, 0.06451612903225806, 0.14285714285714285, 0.6986301369863014, 0.047619047619047616, 0.01639344262295082, 0.06557377049180328], [0.3939393939393939, 0.25806451612903225, 0.3230769230769231, 0.2982456140350877, 0.19230769230769232, 0.32558139534883723, 0.2926829268292683, 0.25, 0.3225806451612903, 0.2786885245901639, 0.2537313432835821, 1.0, 0.19230769230769232, 0.2830188679245283, 0.28205128205128205, 0.2391304347826087, 0.26, 0.0967741935483871, 0.125, 0.2641509433962264, 0.2857142857142857, 0.2, 0.2962962962962963, 0.17857142857142858, 0.041666666666666664, 0.19230769230769232, 0.3235294117647059, 0.15384615384615385, 0.1111111111111111, 0.32558139534883723, 0.3157894736842105, 0.2727272727272727, 0.32142857142857145, 0.16, 0.4444444444444444, 0.24242424242424243, 0.34285714285714286, 0.08, 0.16666666666666666, 0.16, 0.08, 0.18518518518518517, 0.19444444444444445, 0.26666666666666666, 0.2, 0.08, 0.08333333333333333, 0.30303030303030304, 0.08333333333333333, 0.23333333333333334, 0.20833333333333334, 0.18518518518518517, 0.4, 0.28125, 0.3235294117647059, 0.2, 0.125, 0.08, 0.325, 0.37254901960784315, 0.08, 0.041666666666666664, 0.2727272727272727, 0.15384615384615385, 0.11538461538461539, 0.19230769230769232, 0.17857142857142858, 0.1111111111111111, 0.2, 0.31343283582089554, 0.07142857142857142, 0.08333333333333333, 0.07407407407407407], [0.2, 0.4603174603174603, 0.3888888888888889, 0.375, 0.0975609756097561, 0.36538461538461536, 0.2641509433962264, 0.20408163265306123, 0.1702127659574468, 0.5333333333333333, 0.4626865671641791, 0.19230769230769232, 1.0, 0.5185185185185185, 0.3333333333333333, 0.3148148148148148, 0.4, 0.23076923076923078, 0.025, 0.44642857142857145, 0.16279069767441862, 0.36585365853658536, 0.16666666666666666, 0.09302325581395349, 0.02631578947368421, 0.07142857142857142, 0.2826086956521739, 0.1, 0.1, 0.33962264150943394, 0.2549019607843137, 0.4, 0.13333333333333333, 0.10256410256410256, 0.1276595744680851, 0.0784313725490196, 0.2708333333333333, 0.025, 0.05, 0.023809523809523808, 0.05128205128205128, 0.09523809523809523, 0.29545454545454547, 0.15555555555555556, 0.07317073170731707, 0.05128205128205128, 0.02564102564102564, 0.1875, 0.02564102564102564, 0.18604651162790697, 0.04878048780487805, 0.15, 0.2857142857142857, 0.25, 0.37209302325581395, 0.16279069767441862, 0.025, 0.05128205128205128, 0.3137254901960784, 0.423728813559322, 0.05128205128205128, 0.02631578947368421, 0.3023255813953488, 0.1, 0.075, 0.07142857142857142, 0.09302325581395349, 0.07317073170731707, 0.21951219512195122, 0.5454545454545454, 0.1, 0.02564102564102564, 0.10256410256410256], [0.29411764705882354, 0.53125, 0.5362318840579711, 0.42424242424242425, 0.0625, 0.3508771929824561, 0.2807017543859649, 0.22641509433962265, 0.22, 0.6065573770491803, 0.5522388059701493, 0.2830188679245283, 0.5185185185185185, 1.0, 0.37254901960784315, 0.4528301886792453, 0.36065573770491804, 0.14893617021276595, 0.044444444444444446, 0.5263157894736842, 0.16666666666666666, 0.34782608695652173, 0.1702127659574468, 0.10416666666666667, 0.022727272727272728, 0.10869565217391304, 0.3, 0.13636363636363635, 0.13636363636363635, 0.42592592592592593, 0.34615384615384615, 0.3333333333333333, 0.2127659574468085, 0.11363636363636363, 0.18, 0.24489795918367346, 0.34, 0.044444444444444446, 0.06666666666666667, 0.08888888888888889, 0.044444444444444446, 0.13043478260869565, 0.3125, 0.23404255319148937, 0.08695652173913043, 0.06818181818181818, 0.045454545454545456, 0.23529411764705882, 0.045454545454545456, 0.1875, 0.11363636363636363, 0.13043478260869565, 0.38, 0.24489795918367346, 0.41304347826086957, 0.14285714285714285, 0.06818181818181818, 0.06818181818181818, 0.40384615384615385, 0.5, 0.06818181818181818, 0.022727272727272728, 0.2916666666666667, 0.13636363636363635, 0.08888888888888889, 0.0851063829787234, 0.08163265306122448, 0.08695652173913043, 0.16666666666666666, 0.6615384615384615, 0.1111111111111111, 0.045454545454545456, 0.11363636363636363], [0.4117647058823529, 0.2903225806451613, 0.35384615384615387, 0.35714285714285715, 0.2222222222222222, 0.475, 0.27906976744186046, 0.23684210526315788, 0.34375, 0.3793103448275862, 0.30303030303030304, 0.28205128205128205, 0.3333333333333333, 0.37254901960784315, 1.0, 0.43902439024390244, 0.25, 0.2, 0.11538461538461539, 0.4375, 0.26666666666666666, 0.41935483870967744, 0.1935483870967742, 0.16666666666666666, 0.038461538461538464, 0.13793103448275862, 0.3055555555555556, 0.18518518518518517, 0.18518518518518517, 0.3111111111111111, 0.3, 0.38095238095238093, 0.25806451612903225, 0.10714285714285714, 0.24242424242424243, 0.16216216216216217, 0.4411764705882353, 0.07407407407407407, 0.1111111111111111, 0.14814814814814814, 0.07407407407407407, 0.1724137931034483, 0.3235294117647059, 0.21212121212121213, 0.14285714285714285, 0.11538461538461539, 0.07692307692307693, 0.25, 0.07692307692307693, 0.21875, 0.14814814814814814, 0.25925925925925924, 0.24390243902439024, 0.22857142857142856, 0.42424242424242425, 0.26666666666666666, 0.07407407407407407, 0.07407407407407407, 0.375, 0.4117647058823529, 0.07407407407407407, 0.038461538461538464, 0.1891891891891892, 0.18518518518518517, 0.14814814814814814, 0.2222222222222222, 0.12903225806451613, 0.18518518518518517, 0.26666666666666666, 0.34328358208955223, 0.14285714285714285, 0.07692307692307693, 0.14814814814814814], [0.375, 0.45, 0.484375, 0.38333333333333336, 0.1111111111111111, 0.40425531914893614, 0.34782608695652173, 0.2857142857142857, 0.25, 0.4032258064516129, 0.34782608695652173, 0.2391304347826087, 0.3148148148148148, 0.4528301886792453, 0.43902439024390244, 1.0, 0.38461538461538464, 0.19444444444444445, 0.02857142857142857, 0.35714285714285715, 0.15384615384615385, 0.34210526315789475, 0.1891891891891892, 0.13513513513513514, 0.0, 0.08108108108108109, 0.2558139534883721, 0.14705882352941177, 0.14705882352941177, 0.32, 0.43902439024390244, 0.3, 0.1794871794871795, 0.08571428571428572, 0.2, 0.21951219512195122, 0.36585365853658536, 0.02857142857142857, 0.027777777777777776, 0.11764705882352941, 0.058823529411764705, 0.10810810810810811, 0.18181818181818182, 0.23684210526315788, 0.11428571428571428, 0.058823529411764705, 0.029411764705882353, 0.2682926829268293, 0.029411764705882353, 0.24324324324324326, 0.08571428571428572, 0.17142857142857143, 0.4146341463414634, 0.19047619047619047, 0.35, 0.15384615384615385, 0.02857142857142857, 0.058823529411764705, 0.37777777777777777, 0.38596491228070173, 0.058823529411764705, 0.0, 0.21428571428571427, 0.14705882352941177, 0.05555555555555555, 0.08108108108108109, 0.13513513513513514, 0.05405405405405406, 0.15384615384615385, 0.4264705882352941, 0.11428571428571428, 0.029411764705882353, 0.08571428571428572], [0.24489795918367346, 0.55, 0.5303030303030303, 0.48333333333333334, 0.09523809523809523, 0.3584905660377358, 0.3333333333333333, 0.17647058823529413, 0.24444444444444444, 0.4090909090909091, 0.43478260869565216, 0.26, 0.4, 0.36065573770491804, 0.25, 0.38461538461538464, 1.0, 0.11363636363636363, 0.0, 0.36666666666666664, 0.1590909090909091, 0.2391304347826087, 0.1111111111111111, 0.14285714285714285, 0.0, 0.09523809523809523, 0.2765957446808511, 0.07142857142857142, 0.0975609756097561, 0.46938775510204084, 0.4444444444444444, 0.36538461538461536, 0.18181818181818182, 0.07317073170731707, 0.22727272727272727, 0.19148936170212766, 0.34782608695652173, 0.024390243902439025, 0.04878048780487805, 0.07317073170731707, 0.024390243902439025, 0.06818181818181818, 0.16, 0.17777777777777778, 0.0975609756097561, 0.05, 0.0, 0.3488372093023256, 0.025, 0.15555555555555556, 0.07317073170731707, 0.06818181818181818, 0.4222222222222222, 0.19148936170212766, 0.25, 0.21428571428571427, 0.05, 0.024390243902439025, 0.44680851063829785, 0.46551724137931033, 0.05, 0.0, 0.16326530612244897, 0.046511627906976744, 0.023255813953488372, 0.06976744186046512, 0.06666666666666667, 0.0975609756097561, 0.10869565217391304, 0.5147058823529411, 0.046511627906976744, 0.025, 0.023255813953488372], [0.10344827586206896, 0.12280701754385964, 0.125, 0.17647058823529413, 0.21428571428571427, 0.22857142857142856, 0.08333333333333333, 0.14814814814814814, 0.125, 0.12280701754385964, 0.09375, 0.0967741935483871, 0.23076923076923078, 0.14893617021276595, 0.2, 0.19444444444444445, 0.11363636363636363, 1.0, 0.08333333333333333, 0.10416666666666667, 0.047619047619047616, 0.2727272727272727, 0.16666666666666666, 0.1875, 0.1, 0.0625, 0.24, 0.23076923076923078, 0.14285714285714285, 0.16216216216216217, 0.125, 0.07692307692307693, 0.09523809523809523, 0.15384615384615385, 0.19047619047619047, 0.125, 0.17857142857142858, 0.08333333333333333, 0.07692307692307693, 0.15384615384615385, 0.3, 0.2857142857142857, 0.11538461538461539, 0.2, 0.23076923076923078, 0.18181818181818182, 0.09090909090909091, 0.20833333333333334, 0.09090909090909091, 0.2777777777777778, 0.07142857142857142, 0.2, 0.16666666666666666, 0.22727272727272727, 0.24, 0.1, 0.08333333333333333, 0.18181818181818182, 0.18181818181818182, 0.14285714285714285, 0.18181818181818182, 0.1, 0.21739130434782608, 0.14285714285714285, 0.15384615384615385, 0.0625, 0.05555555555555555, 0.23076923076923078, 0.375, 0.15625, 0.06666666666666667, 0.09090909090909091, 0.15384615384615385], [0.08695652173913043, 0.017857142857142856, 0.031746031746031744, 0.06, 0.42857142857142855, 0.09090909090909091, 0.10344827586206896, 0.043478260869565216, 0.17647058823529413, 0.03636363636363636, 0.016129032258064516, 0.125, 0.025, 0.044444444444444446, 0.11538461538461539, 0.02857142857142857, 0.0, 0.08333333333333333, 1.0, 0.06976744186046512, 0.25, 0.10526315789473684, 0.16666666666666666, 0.2, 0.3333333333333333, 0.25, 0.14285714285714285, 0.2857142857142857, 0.125, 0.058823529411764705, 0.03571428571428571, 0.06060606060606061, 0.14285714285714285, 0.3333333333333333, 0.125, 0.1111111111111111, 0.08333333333333333, 0.2, 0.4, 0.3333333333333333, 0.2, 0.2222222222222222, 0.1, 0.13333333333333333, 0.125, 0.2, 0.6666666666666666, 0.1, 0.25, 0.23076923076923078, 0.3333333333333333, 0.1, 0.07692307692307693, 0.17647058823529413, 0.14285714285714285, 0.15384615384615385, 0.2, 0.2, 0.06666666666666667, 0.06521739130434782, 0.2, 0.3333333333333333, 0.10526315789473684, 0.2857142857142857, 0.3333333333333333, 0.42857142857142855, 0.2, 0.125, 0.15384615384615385, 0.03076923076923077, 0.125, 0.25, 0.14285714285714285], [0.32653061224489793, 0.44776119402985076, 0.4788732394366197, 0.47619047619047616, 0.08695652173913043, 0.4339622641509434, 0.3090909090909091, 0.23076923076923078, 0.25, 0.515625, 0.5606060606060606, 0.2641509433962264, 0.44642857142857145, 0.5263157894736842, 0.4375, 0.35714285714285715, 0.36666666666666664, 0.10416666666666667, 0.06976744186046512, 1.0, 0.1956521739130435, 0.32608695652173914, 0.14893617021276595, 0.15555555555555556, 0.023255813953488372, 0.1111111111111111, 0.2549019607843137, 0.08888888888888889, 0.08888888888888889, 0.4339622641509434, 0.3018867924528302, 0.41509433962264153, 0.19148936170212766, 0.11627906976744186, 0.1836734693877551, 0.2, 0.29411764705882354, 0.045454545454545456, 0.09302325581395349, 0.06666666666666667, 0.022222222222222223, 0.13333333333333333, 0.2916666666666667, 0.2127659574468085, 0.08888888888888889, 0.045454545454545456, 0.046511627906976744, 0.24, 0.046511627906976744, 0.19148936170212766, 0.11627906976744186, 0.0851063829787234, 0.3333333333333333, 0.22448979591836735, 0.3617021276595745, 0.1702127659574468, 0.06976744186046512, 0.045454545454545456, 0.3090909090909091, 0.45901639344262296, 0.06976744186046512, 0.023255813953488372, 0.24489795918367346, 0.11363636363636363, 0.09090909090909091, 0.1111111111111111, 0.13043478260869565, 0.08888888888888889, 0.1956521739130435, 0.5507246376811594, 0.11363636363636363, 0.046511627906976744, 0.09090909090909091], [0.25925925925925924, 0.15789473684210525, 0.1746031746031746, 0.24, 0.35714285714285715, 0.25, 0.28125, 0.1, 0.2608695652173913, 0.2, 0.16129032258064516, 0.2857142857142857, 0.16279069767441862, 0.16666666666666666, 0.26666666666666666, 0.15384615384615385, 0.1590909090909091, 0.047619047619047616, 0.25, 0.1956521739130435, 1.0, 0.25, 0.21052631578947367, 0.23529411764705882, 0.08333333333333333, 0.35714285714285715, 0.32, 0.2857142857142857, 0.2857142857142857, 0.18421052631578946, 0.1875, 0.2222222222222222, 0.25, 0.21428571428571427, 0.22727272727272727, 0.16, 0.25, 0.15384615384615385, 0.23076923076923078, 0.21428571428571427, 0.07142857142857142, 0.17647058823529413, 0.19230769230769232, 0.3, 0.2, 0.15384615384615385, 0.16666666666666666, 0.14814814814814814, 0.16666666666666666, 0.19047619047619047, 0.3076923076923077, 0.1111111111111111, 0.23333333333333334, 0.2608695652173913, 0.17857142857142858, 0.4117647058823529, 0.15384615384615385, 0.15384615384615385, 0.24242424242424243, 0.23404255319148937, 0.15384615384615385, 0.08333333333333333, 0.36363636363636365, 0.2857142857142857, 0.21428571428571427, 0.5833333333333334, 0.23529411764705882, 0.125, 0.2, 0.16923076923076924, 0.125, 0.16666666666666666, 0.13333333333333333], [0.2903225806451613, 0.2413793103448276, 0.23076923076923078, 0.2830188679245283, 0.19047619047619047, 0.34210526315789475, 0.38235294117647056, 0.18181818181818182, 0.2962962962962963, 0.3090909090909091, 0.25806451612903225, 0.2, 0.36585365853658536, 0.34782608695652173, 0.41935483870967744, 0.34210526315789475, 0.2391304347826087, 0.2727272727272727, 0.10526315789473684, 0.32608695652173914, 0.25, 1.0, 0.3181818181818182, 0.17391304347826086, 0.05555555555555555, 0.13636363636363635, 0.39285714285714285, 0.3333333333333333, 0.2631578947368421, 0.3076923076923077, 0.29411764705882354, 0.25, 0.24, 0.15, 0.17857142857142858, 0.12903225806451613, 0.3225806451612903, 0.10526315789473684, 0.1, 0.15, 0.10526315789473684, 0.18181818181818182, 0.32142857142857145, 0.28, 0.14285714285714285, 0.16666666666666666, 0.1111111111111111, 0.15625, 0.1111111111111111, 0.2916666666666667, 0.21052631578947367, 0.13043478260869565, 0.30303030303030304, 0.34615384615384615, 0.5, 0.36363636363636365, 0.10526315789473684, 0.16666666666666666, 0.38235294117647056, 0.2549019607843137, 0.10526315789473684, 0.05555555555555555, 0.2857142857142857, 0.2631578947368421, 0.15, 0.13636363636363635, 0.17391304347826086, 0.2, 0.2, 0.26153846153846155, 0.14285714285714285, 0.1111111111111111, 0.15], [0.2222222222222222, 0.16071428571428573, 0.140625, 0.1509433962264151, 0.2857142857142857, 0.1891891891891892, 0.21212121212121213, 0.14285714285714285, 0.21739130434782608, 0.14035087719298245, 0.109375, 0.2962962962962963, 0.16666666666666666, 0.1702127659574468, 0.1935483870967742, 0.1891891891891892, 0.1111111111111111, 0.16666666666666666, 0.16666666666666666, 0.14893617021276595, 0.21052631578947367, 0.3181818181818182, 1.0, 0.17647058823529413, 0.09090909090909091, 0.2, 0.28, 0.3076923076923077, 0.21428571428571427, 0.2571428571428571, 0.23333333333333334, 0.10256410256410256, 0.2631578947368421, 0.14285714285714285, 0.23809523809523808, 0.12, 0.21428571428571427, 0.16666666666666666, 0.07142857142857142, 0.23076923076923078, 0.07692307692307693, 0.1875, 0.25, 0.19047619047619047, 0.13333333333333333, 0.2727272727272727, 0.18181818181818182, 0.25, 0.18181818181818182, 0.14285714285714285, 0.23076923076923078, 0.11764705882352941, 0.2857142857142857, 0.21739130434782608, 0.28, 0.2777777777777778, 0.16666666666666666, 0.16666666666666666, 0.2903225806451613, 0.16326530612244897, 0.16666666666666666, 0.09090909090909091, 0.20833333333333334, 0.21428571428571427, 0.14285714285714285, 0.2, 0.17647058823529413, 0.21428571428571427, 0.21052631578947367, 0.15384615384615385, 0.21428571428571427, 0.18181818181818182, 0.06666666666666667], [0.06896551724137931, 0.125, 0.109375, 0.1568627450980392, 0.45454545454545453, 0.23529411764705882, 0.15151515151515152, 0.15384615384615385, 0.23809523809523808, 0.10526315789473684, 0.11290322580645161, 0.17857142857142858, 0.09302325581395349, 0.10416666666666667, 0.16666666666666666, 0.13513513513513514, 0.14285714285714285, 0.1875, 0.2, 0.15555555555555556, 0.23529411764705882, 0.17391304347826086, 0.17647058823529413, 1.0, 0.1111111111111111, 0.06666666666666667, 0.2, 0.15384615384615385, 0.07142857142857142, 0.10526315789473684, 0.20689655172413793, 0.1388888888888889, 0.15789473684210525, 0.2727272727272727, 0.14285714285714285, 0.13043478260869565, 0.10344827586206896, 0.09090909090909091, 0.08333333333333333, 0.16666666666666666, 0.09090909090909091, 0.0625, 0.12, 0.15, 0.07142857142857142, 0.09090909090909091, 0.2222222222222222, 0.12, 0.1, 0.15789473684210525, 0.16666666666666666, 0.0625, 0.1724137931034483, 0.23809523809523808, 0.15384615384615385, 0.23529411764705882, 0.2, 0.09090909090909091, 0.1875, 0.1702127659574468, 0.2, 0.1111111111111111, 0.22727272727272727, 0.15384615384615385, 0.07692307692307693, 0.3333333333333333, 0.2, 0.07142857142857142, 0.4, 0.140625, 0.07142857142857142, 0.1, 0.07692307692307693], [0.0, 0.0, 0.0, 0.02, 0.14285714285714285, 0.030303030303030304, 0.034482758620689655, 0.0, 0.058823529411764705, 0.018518518518518517, 0.0, 0.041666666666666664, 0.02631578947368421, 0.022727272727272728, 0.038461538461538464, 0.0, 0.0, 0.1, 0.3333333333333333, 0.023255813953488372, 0.08333333333333333, 0.05555555555555555, 0.09090909090909091, 0.1111111111111111, 1.0, 0.14285714285714285, 0.047619047619047616, 0.16666666666666666, 0.16666666666666666, 0.030303030303030304, 0.0, 0.0, 0.07692307692307693, 0.2, 0.06666666666666667, 0.058823529411764705, 0.043478260869565216, 0.3333333333333333, 0.25, 0.2, 0.3333333333333333, 0.125, 0.05263157894736842, 0.07142857142857142, 0.16666666666666666, 0.3333333333333333, 0.5, 0.05263157894736842, 0.5, 0.07692307692307693, 0.2, 0.125, 0.04, 0.058823529411764705, 0.047619047619047616, 0.08333333333333333, 0.3333333333333333, 0.3333333333333333, 0.034482758620689655, 0.021739130434782608, 0.3333333333333333, 1.0, 0.05555555555555555, 0.16666666666666666, 0.2, 0.14285714285714285, 0.1111111111111111, 0.16666666666666666, 0.08333333333333333, 0.015625, 0.16666666666666666, 0.5, 0.2], [0.16, 0.07017543859649122, 0.078125, 0.11764705882352941, 0.16666666666666666, 0.08108108108108109, 0.09090909090909091, 0.037037037037037035, 0.2631578947368421, 0.08928571428571429, 0.08064516129032258, 0.19230769230769232, 0.07142857142857142, 0.10869565217391304, 0.13793103448275862, 0.08108108108108109, 0.09523809523809523, 0.0625, 0.25, 0.1111111111111111, 0.35714285714285715, 0.13636363636363635, 0.2, 0.06666666666666667, 0.14285714285714285, 1.0, 0.12, 0.18181818181818182, 0.3, 0.14285714285714285, 0.03125, 0.05405405405405406, 0.25, 0.09090909090909091, 0.15789473684210525, 0.14285714285714285, 0.15384615384615385, 0.25, 0.2222222222222222, 0.2, 0.1111111111111111, 0.25, 0.13043478260869565, 0.3125, 0.3, 0.25, 0.125, 0.13043478260869565, 0.2857142857142857, 0.1111111111111111, 0.2, 0.07142857142857142, 0.14285714285714285, 0.14285714285714285, 0.16666666666666666, 0.11764705882352941, 0.25, 0.25, 0.125, 0.10416666666666667, 0.25, 0.14285714285714285, 0.13636363636363635, 0.18181818181818182, 0.3333333333333333, 0.2727272727272727, 0.14285714285714285, 0.3, 0.05555555555555555, 0.09230769230769231, 0.18181818181818182, 0.2857142857142857, 0.09090909090909091], [0.2647058823529412, 0.29310344827586204, 0.296875, 0.2909090909090909, 0.2727272727272727, 0.35, 0.35135135135135137, 0.23529411764705882, 0.3103448275862069, 0.2711864406779661, 0.265625, 0.3235294117647059, 0.2826086956521739, 0.3, 0.3055555555555556, 0.2558139534883721, 0.2765957446808511, 0.24, 0.14285714285714285, 0.2549019607843137, 0.32, 0.39285714285714285, 0.28, 0.2, 0.047619047619047616, 0.12, 1.0, 0.2857142857142857, 0.22727272727272727, 0.3170731707317073, 0.34285714285714286, 0.325, 0.25925925925925924, 0.18181818181818182, 0.3333333333333333, 0.11764705882352941, 0.3333333333333333, 0.09090909090909091, 0.19047619047619047, 0.13043478260869565, 0.09090909090909091, 0.20833333333333334, 0.21212121212121213, 0.34615384615384615, 0.17391304347826086, 0.14285714285714285, 0.09523809523809523, 0.3333333333333333, 0.09523809523809523, 0.21428571428571427, 0.23809523809523808, 0.11538461538461539, 0.35294117647058826, 0.35714285714285715, 0.4482758620689655, 0.375, 0.09090909090909091, 0.14285714285714285, 0.3888888888888889, 0.3673469387755102, 0.14285714285714285, 0.047619047619047616, 0.3, 0.22727272727272727, 0.18181818181818182, 0.21739130434782608, 0.1111111111111111, 0.17391304347826086, 0.2692307692307692, 0.26865671641791045, 0.08, 0.09523809523809523, 0.13043478260869565], [0.12, 0.09090909090909091, 0.07936507936507936, 0.12, 0.3, 0.18181818181818182, 0.16666666666666666, 0.125, 0.2777777777777778, 0.1111111111111111, 0.06451612903225806, 0.15384615384615385, 0.1, 0.13636363636363635, 0.18518518518518517, 0.14705882352941177, 0.07142857142857142, 0.23076923076923078, 0.2857142857142857, 0.08888888888888889, 0.2857142857142857, 0.3333333333333333, 0.3076923076923077, 0.15384615384615385, 0.16666666666666666, 0.18181818181818182, 0.2857142857142857, 1.0, 0.5, 0.14705882352941177, 0.18518518518518517, 0.08571428571428572, 0.35714285714285715, 0.375, 0.16666666666666666, 0.15, 0.20833333333333334, 0.2857142857142857, 0.25, 0.375, 0.2857142857142857, 0.2727272727272727, 0.19047619047619047, 0.25, 0.3333333333333333, 0.5, 0.3333333333333333, 0.13636363636363635, 0.3333333333333333, 0.26666666666666666, 0.5714285714285714, 0.2727272727272727, 0.24, 0.21052631578947367, 0.17391304347826086, 0.2857142857142857, 0.2857142857142857, 0.5, 0.20689655172413793, 0.13043478260869565, 0.2857142857142857, 0.16666666666666666, 0.2, 0.7142857142857143, 0.375, 0.18181818181818182, 0.15384615384615385, 0.2, 0.125, 0.09375, 0.2, 0.3333333333333333, 0.375], [0.07692307692307693, 0.09090909090909091, 0.07936507936507936, 0.12, 0.18181818181818182, 0.11428571428571428, 0.12903225806451613, 0.038461538461538464, 0.15, 0.1111111111111111, 0.06451612903225806, 0.1111111111111111, 0.1, 0.13636363636363635, 0.18518518518518517, 0.14705882352941177, 0.0975609756097561, 0.14285714285714285, 0.125, 0.08888888888888889, 0.2857142857142857, 0.2631578947368421, 0.21428571428571427, 0.07142857142857142, 0.16666666666666666, 0.3, 0.22727272727272727, 0.5, 1.0, 0.11428571428571428, 0.10344827586206896, 0.02702702702702703, 0.26666666666666666, 0.2222222222222222, 0.10526315789473684, 0.15, 0.16, 0.2857142857142857, 0.25, 0.2222222222222222, 0.125, 0.16666666666666666, 0.08695652173913043, 0.17647058823529413, 0.2, 0.5, 0.14285714285714285, 0.13636363636363635, 0.3333333333333333, 0.11764705882352941, 0.375, 0.2727272727272727, 0.14814814814814814, 0.09523809523809523, 0.125, 0.2, 0.2857142857142857, 0.2857142857142857, 0.16666666666666666, 0.13043478260869565, 0.2857142857142857, 0.16666666666666666, 0.14285714285714285, 0.3333333333333333, 0.2222222222222222, 0.18181818181818182, 0.07142857142857142, 0.2, 0.058823529411764705, 0.09375, 0.2, 0.3333333333333333, 0.2222222222222222], [0.4864864864864865, 0.4262295081967213, 0.4393939393939394, 0.509090909090909, 0.1111111111111111, 0.43478260869565216, 0.3191489361702128, 0.2857142857142857, 0.3157894736842105, 0.38095238095238093, 0.34782608695652173, 0.32558139534883723, 0.33962264150943394, 0.42592592592592593, 0.3111111111111111, 0.32, 0.46938775510204084, 0.16216216216216217, 0.058823529411764705, 0.4339622641509434, 0.18421052631578946, 0.3076923076923077, 0.2571428571428571, 0.10526315789473684, 0.030303030303030304, 0.14285714285714285, 0.3170731707317073, 0.14705882352941177, 0.11428571428571428, 1.0, 0.5128205128205128, 0.32653061224489793, 0.1794871794871795, 0.08571428571428572, 0.2972972972972973, 0.19047619047619047, 0.5555555555555556, 0.058823529411764705, 0.12121212121212122, 0.11764705882352941, 0.09090909090909091, 0.20588235294117646, 0.3333333333333333, 0.3055555555555556, 0.14705882352941177, 0.09090909090909091, 0.029411764705882353, 0.4857142857142857, 0.06060606060606061, 0.21052631578947367, 0.11764705882352941, 0.1388888888888889, 0.45, 0.28205128205128205, 0.42105263157894735, 0.21621621621621623, 0.09090909090909091, 0.09090909090909091, 0.47619047619047616, 0.43636363636363634, 0.09090909090909091, 0.030303030303030304, 0.21428571428571427, 0.14705882352941177, 0.11764705882352941, 0.1111111111111111, 0.10526315789473684, 0.14705882352941177, 0.125, 0.44776119402985076, 0.11428571428571428, 0.06060606060606061, 0.08571428571428572], [0.37142857142857144, 0.45454545454545453, 0.3968253968253968, 0.4074074074074074, 0.13793103